#2. What is Recycling of elements in a vector?

v1<-c(1,2,3)    
v2<-c(6,7,8,9,10) 
v1 + v2


#3. Give an example of recycling of elements.
v1<-c(1,2,3)    
v2<-c(1,2,3,4,5,6,7,8,9,10) 
v1 + v2
